 PDE 2004 12 26  0 58 50.00   3.3000   95.7800  10.0 8.9 8.9 OFF W COAST OF NORTHERN                 
event name:     C122604A        
time shift:    138.9600
half duration:  95.0000
latitude:        3.0900
longitude:      94.2600
depth:          28.6100
Mrr:       1.040000e+29
Mtt:      -4.270000e+28
Mpp:      -6.100000e+28
Mrt:       2.980000e+29
Mrp:      -2.400000e+29
Mtp:       4.260000e+28